img_seq,counter,camera_stamp_secs,camera_stamp_nsecs,system_stamp_secs,system_stamp_nsecs,img_size
66,66,13,620000000,17,700000000,921600,0,0
68,67,17,580000000,17,960000000,921600,0.38,0.38
72,68,17,740000000,18,30000000,921600,0.29,0.67
77,69,17,940000000,18,150000000,921600,0.21,0.88
79,70,17,990000000,18,250000000,921600,0.26,1.14
81,71,18,90000000,18,360000000,921600,0.27,1.41
84,72,18,250000000,18,440000000,921600,0.19,1.6
86,73,18,300000000,18,540000000,921600,0.24,1.84
90,74,18,410000000,18,620000000,921600,0.21,2.05
94,75,18,510000000,18,740000000,921600,0.23,2.28
99,76,18,660000000,18,860000000,921600,0.2,2.48
103,77,18,760000000,18,980000000,921600,0.22,2.7
104,78,18,760000000,19,110000000,921600,0.35,3.05
107,79,18,870000000,19,210000000,921600,0.34,3.39
110,80,19,20000000,19,330000000,921600,0.31,3.7
113,81,19,170000000,19,430000000,921600,0.26,3.96
115,82,19,270000000,19,530000000,921600,0.26,4.22
118,83,19,370000000,19,620000000,921600,0.25,4.47
122,84,19,520000000,19,710000000,921600,0.19,4.66
124,85,19,580000000,19,800000000,921600,0.22,4.88
125,86,19,630000000,19,910000000,921600,0.28,5.16
126,87,19,680000000,20,20000000,921600,0.34,5.5
131,88,19,890000000,20,110000000,921600,0.22,5.72
133,89,19,940000000,20,200000000,921600,0.26,5.98
136,90,20,90000000,20,300000000,921600,0.21,6.19
139,91,20,190000000,20,400000000,921600,0.21,6.4
142,92,20,290000000,20,500000000,921600,0.21,6.61
144,93,20,340000000,20,590000000,921600,0.25,6.86
146,94,20,440000000,20,680000000,921600,0.24,7.1
149,95,20,590000000,20,780000000,921600,0.19,7.29
152,96,20,690000000,20,880000000,921600,0.19,7.48
155,97,20,790000000,20,980000000,921600,0.19,7.67
157,98,20,840000000,21,90000000,921600,0.25,7.92
158,99,20,890000000,21,180000000,921600,0.29,8.21
160,100,20,990000000,21,280000000,921600,0.29,8.5
164,101,21,140000000,21,370000000,921600,0.23,8.73
167,102,21,240000000,21,480000000,921600,0.24,8.97
169,103,21,290000000,21,570000000,921600,0.28,9.25
173,104,21,440000000,21,660000000,921600,0.22,9.47
175,105,21,540000000,21,750000000,921600,0.21,9.68
176,106,21,590000000,21,850000000,921600,0.26,9.94
180,107,21,700000000,21,940000000,921600,0.24,10.18
183,108,21,810000000,22,60000000,921600,0.25,10.43
186,109,21,920000000,22,160000000,921600,0.24,10.67
188,110,22,20000000,22,250000000,921600,0.23,10.9
190,111,22,120000000,22,350000000,921600,0.23,11.13
193,112,22,220000000,22,450000000,921600,0.23,11.36
195,113,22,280000000,22,550000000,921600,0.27,11.63
197,114,22,380000000,22,640000000,921600,0.26,11.89
199,115,22,490000000,22,740000000,921600,0.25,12.14
202,116,22,630000000,22,830000000,921600,0.2,12.34
206,117,22,730000000,22,940000000,921600,0.21,12.55
208,118,22,780000000,23,40000000,921600,0.26,12.81
209,119,22,830000000,23,150000000,921600,0.32,13.13
211,120,22,930000000,23,250000000,921600,0.32,13.45
214,121,23,80000000,23,350000000,921600,0.27,13.72
219,122,23,240000000,23,450000000,921600,0.21,13.93
222,123,23,350000000,23,540000000,921600,0.19,14.12
224,124,23,410000000,23,660000000,921600,0.25,14.37
227,125,23,470000000,23,830000000,921600,0.36,14.73
230,126,23,620000000,23,960000000,921600,0.34,15.07
235,127,23,770000000,24,80000000,921600,0.31,15.38
238,128,23,870000000,24,180000000,921600,0.31,15.69
242,129,24,20000000,24,300000000,921600,0.28,15.97
244,130,24,120000000,24,390000000,921600,0.27,16.24
247,131,24,220000000,24,470000000,921600,0.25,16.49
249,132,24,320000000,24,570000000,921600,0.25,16.74
251,133,24,370000000,24,670000000,921600,0.3,17.04
253,134,24,470000000,24,780000000,921600,0.31,17.35
255,135,24,570000000,24,880000000,921600,0.31,17.66
259,136,24,730000000,24,970000000,921600,0.24,17.9
262,137,24,830000000,25,70000000,921600,0.24,18.14
264,138,24,880000000,25,160000000,921600,0.28,18.42
266,139,24,980000000,25,250000000,921600,0.27,18.69
268,140,25,80000000,25,340000000,921600,0.26,18.95
270,141,25,180000000,25,450000000,921600,0.27,19.22
273,142,25,280000000,25,550000000,921600,0.27,19.49
276,143,25,390000000,25,650000000,921600,0.26,19.75
279,144,25,490000000,25,740000000,921600,0.25,20.0
282,145,25,550000000,25,830000000,921600,0.28,20.28
284,146,25,650000000,25,930000000,921600,0.28,20.56
287,147,25,750000000,26,40000000,921600,0.29,20.85
289,148,25,850000000,26,140000000,921600,0.29,21.14
292,149,25,950000000,26,230000000,921600,0.28,21.42
295,150,26,100000000,26,340000000,921600,0.24,21.66
298,151,26,250000000,26,420000000,921600,0.17,21.83
300,152,26,300000000,26,520000000,921600,0.22,22.05
303,153,26,400000000,26,610000000,921600,0.21,22.26
304,154,26,450000000,26,710000000,921600,0.26,22.52
306,155,26,500000000,26,810000000,921600,0.31,22.83
309,156,26,600000000,26,920000000,921600,0.32,23.15
311,157,26,700000000,27,20000000,921600,0.32,23.47
314,158,26,850000000,27,120000000,921600,0.27,23.74
316,159,26,950000000,27,220000000,921600,0.27,24.01
318,160,27,50000000,27,310000000,921600,0.26,24.27
320,161,27,100000000,27,410000000,921600,0.31,24.58
324,162,27,250000000,27,510000000,921600,0.26,24.84
326,163,27,350000000,27,600000000,921600,0.25,25.09
331,164,27,500000000,27,700000000,921600,0.2,25.29
334,165,27,600000000,27,790000000,921600,0.19,25.48
336,166,27,650000000,27,900000000,921600,0.25,25.73
337,167,27,700000000,28,10000000,921600,0.31,26.04
339,168,27,800000000,28,90000000,921600,0.29,26.33
343,169,27,910000000,28,200000000,921600,0.29,26.62
346,170,28,60000000,28,280000000,921600,0.22,26.84
348,171,28,160000000,28,390000000,921600,0.23,27.07
350,172,28,210000000,28,500000000,921600,0.29,27.36
353,173,28,360000000,28,600000000,921600,0.24,27.6
356,174,28,470000000,28,710000000,921600,0.24,27.84
359,175,28,570000000,28,820000000,921600,0.25,28.09
362,176,28,670000000,28,930000000,921600,0.26,28.35
365,177,28,770000000,29,20000000,921600,0.25,28.6
368,178,28,890000000,29,230000000,921600,0.34,28.94
370,179,28,990000000,29,440000000,921600,0.45,29.39
376,180,29,200000000,29,690000000,921600,0.49,29.88
381,181,29,400000000,30,40000000,921600,0.64,30.52
386,182,29,610000000,30,310000000,921600,0.7,31.22
393,183,29,960000000,30,510000000,921600,0.55,31.77
399,184,30,220000000,30,710000000,921600,0.49,32.26
405,185,30,420000000,30,820000000,921600,0.4,32.66
409,186,30,620000000,30,930000000,921600,0.31,32.97
411,187,30,720000000,31,50000000,921600,0.33,33.3
414,188,30,870000000,31,140000000,921600,0.27,33.57
418,189,30,970000000,31,230000000,921600,0.26,33.83
420,190,31,70000000,31,330000000,921600,0.26,34.09
424,191,31,180000000,31,420000000,921600,0.24,34.33
427,192,31,330000000,31,530000000,921600,0.2,34.53
430,193,31,390000000,31,640000000,921600,0.25,34.78
432,194,31,450000000,31,740000000,921600,0.29,35.07
435,195,31,600000000,31,840000000,921600,0.24,35.31
438,196,31,700000000,31,950000000,921600,0.25,35.56
441,197,31,800000000,32,40000000,921600,0.24,35.8
443,198,31,900000000,32,130000000,921600,0.23,36.03
445,199,32,0,32,220000000,921600,0.22,36.25
447,200,32,100000000,32,320000000,921600,0.22,36.47
449,201,32,150000000,32,420000000,921600,0.27,36.74
451,202,32,250000000,32,500000000,921600,0.25,36.99